うまくいくやつ（FD的には）. 
{
  arrival_times : [2.4862412320433664, 6.302854308790179, 10.491495838891154, 13.727139762186052, 16.43717685287835, 19.394891975081173, 22.635550198441546, 24.938951012348195, 28.807846012847413, 31.359771663030614, 34.48447627911051, 37.15545394159107, 40.03611702598139, 43.409874683002684, 46.78565336718055, 49.11374859734421, 53.30310786472979, 56.93939368323643, 61.05241749070727, 64.25921001957097, 68.25434704764552, 71.47525345650705, 73.70341870629048, 76.62019509834226, 80.5538154473419, 84.03115798622606, 86.31804863976363, 88.74015051785925, 92.40046299289143, 95.86052907759132, 98.56405002423794, 102.25741481862042, 104.65120064647188, 106.96874335252959, 110.56765524911414, 114.45829492674358, 117.00064980995086, 120.32494211143697, 122.77388388022833, 125.22126146530978, 129.38365304716424, 133.28444964962216, 136.65316360717043, 140.76637801252716, 144.8283507790235, 148.310839130844, 151.40775657699479],
  # 初期設定（独立変数群）
  CAR_NUM = 100 #時間窓内の車の総数
  START_TIME = 0
  TOTAL_LENGTH = 1500 # 入り口から出口までの距離 [m]
  WAYPOINTS_NUM = 10 #constrained way pointの数
  MEAN_SPEED = 20 # 秒速[m/s]として定義
  MAX_SPEED = 30 # 秒速[m/s]として定義
  MAX_ACC = 3 # m/s^sで定義, maxは0.3gにした
  TIME_STEP = 0.1
  TOTAL_TIME = 150 # シミュレーション時間

  # 研究用のパラメータ
  TTC = 1.5 #車間時間を暫定的に定義
  COMMUNICATION_SPEED = 0.2
  DENSITY = 2 # 台数密度を車間時間として定義
  NOISE_FORECAST_TIME = 5 # 何秒後の擾乱を前もって知らせるか. 
  NOISE_PERIOD = 5
  NOISE_FREQUENCY = 10

  備考: 途中で（t=130くらいで）ノイズを横切ってしまうやつがいる. 何かがおかしいので要デバッグ
}
